711975659 61725831
711975659 127335243
711975659 210208830
711975659 367742416
711975659 476699078
711975659 590264871
711975659 592946920
711975659 614768372
711975659 630447447
711975659 637565190
711975659 718848727
614768372 19373971
614768372 22708725
614768372 30014748
614768372 31530627
614768372 45060330
614768372 52059235
614768372 52709498
614768372 53292492
614768372 54661353
614768372 54920534
614768372 62308515
614768372 70895731
614768372 73178064
614768372 76158609
614768372 85012390
614768372 86695113
614768372 88551355
614768372 93502225
614768372 107368077
614768372 108544367
614768372 113254611
614768372 126034306
614768372 127335243
614768372 127339107
614768372 131498934
614768372 132097490
614768372 134200359
614768372 135165947
614768372 135677285
614768372 142713226
614768372 144664814
614768372 147338147
614768372 147601967
614768372 147623285
614768372 148973471
614768372 151537191
614768372 151797040
614768372 151979948
614768372 153467686
614768372 160220613
614768372 160221945
614768372 160414326
614768372 160728669
614768372 163695087
614768372 164195661
614768372 164441591
614768372 166857194
614768372 169053671
614768372 171791660
614768372 172589085
614768372 173141592
614768372 174470737
614768372 174657730
614768372 175312319
614768372 178441542
614768372 178795728
614768372 180534943
614768372 181344530
614768372 182113994
614768372 186482791
614768372 188840739
614768372 189958336
614768372 190133440
614768372 191152172
614768372 192599400
614768372 192836872
614768372 192941320
614768372 197026201
614768372 199183977
614768372 199982803
614768372 203610114
614768372 203785682
614768372 205379374
614768372 206563763
614768372 206740007
614768372 206899924
614768372 207488337
614768372 207532421
614768372 208680003
614768372 208953794
614768372 209560146
614768372 210004406
614768372 210052406
614768372 211347118
614768372 212220428
614768372 213231381
614768372 214911572
614768372 215391376
614768372 215977858
614768372 217432867
614768372 220108511
614768372 220312779
614768372 220437866
614768372 223151865
614768372 223586039
614768372 223901991
614768372 223913639
614768372 223916696
614768372 224007248
614768372 224834302
614768372 226591857
614768372 227238037
614768372 229532806
614768372 229819040
614768372 230775981
614768372 230936961
614768372 231385065
614768372 231565570
614768372 232261210
614768372 232267039
614768372 234251639
614768372 236367253
614768372 236526440
614768372 236803817
614768372 237287634
614768372 239571912
614768372 241396332
614768372 241601557
614768372 241747797
614768372 242392816
614768372 244419710
614768372 245422984
614768372 245598423
614768372 245932214
614768372 246110159
614768372 246912302
614768372 247326867
614768372 247810528
614768372 248798394
614768372 252667030
614768372 252882692
614768372 253635406
614768372 254430661
614768372 255556823
614768372 256454589
614768372 258554248
614768372 258767490
614768372 258957513
614768372 260133220
614768372 260786921
614768372 260899655
614768372 261155751
614768372 261942528
614768372 262061341
614768372 262400384
614768372 262914772
614768372 266698929
614768372 268837563
614768372 269317660
614768372 269326762
614768372 269635206
614768372 271539734
614768372 272736457
614768372 273151128
614768372 273498669
614768372 273944561
614768372 275371437
614768372 275870430
614768372 278632833
614768372 280194361
614768372 280330399
614768372 280807997
614768372 280897614
614768372 280960277
614768372 282253075
614768372 282507421
614768372 284127067
614768372 289316671
614768372 290921364
614768372 291550401
614768372 292267622
614768372 294294015
614768372 294453806
614768372 294463267
614768372 294941364
614768372 295402671
614768372 297269881
614768372 298207666
614768372 300078280
614768372 300172554
614768372 303949887
614768372 304483651
614768372 304644374
614768372 305877552
614768372 306694297
614768372 308146212
614768372 309847760
614768372 310512287
614768372 312122655
614768372 312134031
614768372 312493931
614768372 315032976
614768372 315494403
614768372 315499888
614768372 316914753
614768372 320882573
614768372 321659209
614768372 322172255
614768372 322953017
614768372 324836344
614768372 326003432
614768372 326626521
614768372 326794256
614768372 327393309
614768372 327501967
614768372 328091626
614768372 328440667
614768372 330975252
614768372 332102235
614768372 333786555
614768372 334288861
614768372 334771467
614768372 334893156
614768372 335241894
614768372 336276339
614768372 338325561
614768372 341088146
614768372 341904385
614768372 343168680
614768372 343825084
614768372 343844653
614768372 344011647
614768372 345224104
614768372 345391075
614768372 345938857
614768372 346362561
614768372 347006872
614768372 347204133
614768372 347459106
614768372 347499074
614768372 348800020
614768372 351564340
614768372 353569701
614768372 355606756
614768372 356812478
614768372 358476286
614768372 358772922
614768372 358828538
614768372 359071799
614768372 360104527
614768372 360769963
614768372 361104364
614768372 362664966
614768372 364742173
614768372 365202887
614768372 365502291
614768372 365521402
614768372 365532400
614768372 365604225
614768372 366197996
614768372 366874869
614768372 367127335
614768372 367468179
614768372 368045546
614768372 368173483
614768372 368651940
614768372 370449781
614768372 370654801
614768372 370684554
614768372 371778697
614768372 372210190
614768372 372763408
614768372 374014820
614768372 374193109
614768372 374447681
614768372 376212474
614768372 377343092
614768372 378970578
614768372 379133537
614768372 379542756
614768372 379997300
614768372 380991237
614768372 381840661
614768372 381954459
614768372 382598830
614768372 383215419
614768372 383265091
614768372 383777061
614768372 384267561
614768372 385127977
614768372 386187195
614768372 387259168
614768372 387409132
614768372 388888572
614768372 389812982
614768372 390366130
614768372 391854881
614768372 392177088
614768372 394247117
614768372 394441514
614768372 394982688
614768372 395483677
614768372 397291004
614768372 398125569
614768372 399546905
614768372 399830976
614768372 400065304
614768372 400121881
614768372 401531105
614768372 402623298
614768372 402926561
614768372 403019450
614768372 403139958
614768372 403322785
614768372 403416259
614768372 403863277
614768372 404071386
614768372 404349632
614768372 405687553
614768372 407627192
614768372 410671264
614768372 410862827
614768372 411492855
614768372 412056605
614768372 412065517
614768372 412439384
614768372 413412356
614768372 413421546
614768372 415091625
614768372 415572509
614768372 415590405
614768372 416667883
614768372 417730050
614768372 417865125
614768372 418113627
614768372 418847916
614768372 419449615
614768372 420424538
614768372 420838807
614768372 420992976
614768372 421741445
614768372 421807834
614768372 422454538
614768372 422973215
614768372 423601516
614768372 423741208
614768372 423964315
614768372 424647645
614768372 424678505
614768372 425308589
614768372 425681298
614768372 426271863
614768372 426895926
614768372 427506336
614768372 430077724
614768372 430663719
614768372 430969333
614768372 431247008
614768372 431260252
614768372 431586004
614768372 433303421
614768372 433362702
614768372 433671422
614768372 433815459
614768372 434251364
614768372 434380954
614768372 434810230
614768372 435294603
614768372 435340535
614768372 435557701
614768372 435763687
614768372 436736949
614768372 436815899
614768372 437061513
614768372 437292833
614768372 437398443
614768372 437511124
614768372 437519462
614768372 438220646
614768372 438514066
614768372 438565243
614768372 438929058
614768372 439597739
614768372 440031721
614768372 440217125
614768372 441087599
614768372 441205376
614768372 443924080
614768372 444207363
614768372 444362263
614768372 445414938
614768372 445733692
614768372 446007843
614768372 446320295
614768372 446497066
614768372 446577692
614768372 446759528
614768372 446766170
614768372 447450821
614768372 447656132
614768372 448201136
614768372 448618203
614768372 448765894
614768372 448907531
614768372 449706362
614768372 449789520
614768372 450954878
614768372 450979331
614768372 451618870
614768372 452094481
614768372 452365789
614768372 453815149
614768372 454281428
614768372 454857993
614768372 455622573
614768372 455733854
614768372 456523316
614768372 457181775
614768372 457683340
614768372 458069813
614768372 458216920
614768372 458629015
614768372 458677947
614768372 460112155
614768372 460315142
614768372 461546792
614768372 461600013
614768372 461786941
614768372 462696168
614768372 462886198
614768372 463102676
614768372 463197536
614768372 463854363
614768372 464319107
614768372 464767255
614768372 465215802
614768372 465612988
614768372 465698053
614768372 465850822
614768372 466068232
614768372 466410997
614768372 466840260
614768372 467127148
614768372 467233216
614768372 468490646
614768372 469076219
614768372 469503062
614768372 469634053
614768372 469778147
614768372 469890036
614768372 470008157
614768372 470152048
614768372 470936753
614768372 471535438
614768372 471761943
614768372 472587153
614768372 472739443
614768372 472827848
614768372 474257355
614768372 474449935
614768372 474473285
614768372 474870968
614768372 474906914
614768372 475317764
614768372 476009576
614768372 476284061
614768372 476866398
614768372 476890425
614768372 476989070
614768372 477334862
614768372 477577377
614768372 477908116
614768372 478185422
614768372 478185437
614768372 479261598
614768372 479662913
614768372 480660960
614768372 481678808
614768372 482699811
614768372 482863811
614768372 485925398
614768372 488114186
614768372 488711077
614768372 488766305
614768372 488912296
614768372 488978695
614768372 489787867
614768372 490326928
614768372 490994370
614768372 491216889
614768372 491357445
614768372 491502654
614768372 492512302
614768372 492553571
614768372 492807198
614768372 493369852
614768372 494455378
614768372 495208233
614768372 496637668
614768372 497156387
614768372 497185381
614768372 497220832
614768372 497295751
614768372 497314560
614768372 498257774
614768372 498265070
614768372 498341378
614768372 498494923
614768372 499265694
614768372 500692120
614768372 500923990
614768372 502436966
614768372 503486918
614768372 503756842
614768372 503778983
614768372 504089105
614768372 504535684
614768372 504563442
614768372 504819006
614768372 504956187
614768372 505125998
614768372 505191680
614768372 505408431
614768372 505742571
614768372 505994298
614768372 506475947
614768372 506663904
614768372 507481158
614768372 507795028
614768372 507879203
614768372 507919875
614768372 507937741
614768372 509521622
614768372 510601542
614768372 511102348
614768372 511115694
614768372 511229905
614768372 511484010
614768372 511932585
614768372 512076895
614768372 512146888
614768372 512559698
614768372 512757182
614768372 512859079
614768372 513934231
614768372 514100787
614768372 514260799
614768372 514389936
614768372 514524205
614768372 515128748
614768372 515248805
614768372 515347842
614768372 515659746
614768372 516637992
614768372 516665756
614768372 517599606
614768372 517918375
614768372 518222012
614768372 518612576
614768372 518871516
614768372 518985612
614768372 519056429
614768372 519552277
614768372 519642696
614768372 519734456
614768372 520239006
614768372 520787543
614768372 520850648
614768372 520941795
614768372 520989783
614768372 521087618
614768372 521587767
614768372 522042732
614768372 522147380
614768372 522164103
614768372 522165545
614768372 522354247
614768372 522578283
614768372 522585675
614768372 522654969
614768372 522752806
614768372 522818163
614768372 523405070
614768372 523461396
614768372 523835022
614768372 523862454
614768372 523898799
614768372 525109929
614768372 525189603
614768372 525552863
614768372 525609785
614768372 525706983
614768372 526102158
614768372 526282309
614768372 526459358
614768372 526959902
614768372 527129880
614768372 527223584
614768372 527308210
614768372 527536083
614768372 528225415
614768372 528337366
614768372 529005123
614768372 529374017
614768372 530788393
614768372 531197886
614768372 531536482
614768372 531694848
614768372 531945993
614768372 533149292
614768372 533534260
614768372 533756838
614768372 533824787
614768372 533931853
614768372 534208319
614768372 535047221
614768372 535447064
614768372 535449552
614768372 535588379
614768372 535648464
614768372 535672637
614768372 535711921
614768372 535755877
614768372 535914698
614768372 536134533
614768372 537670147
614768372 537745261
614768372 538172005
614768372 538299783
614768372 538478889
614768372 538482740
614768372 538492662
614768372 539577952
614768372 539942367
614768372 540003566
614768372 540296240
614768372 540313870
614768372 540412560
614768372 540661472
614768372 540887934
614768372 540896651
614768372 540984526
614768372 541175836
614768372 541211988
614768372 541787004
614768372 541815737
614768372 541832744
614768372 542076044
614768372 542097519
614768372 542298736
614768372 542402204
614768372 542743314
614768372 542862463
614768372 542957584
614768372 543110925
614768372 543415310
614768372 543450043
614768372 543467701
614768372 544079090
614768372 544220673
614768372 544463269
614768372 544632435
614768372 544795795
614768372 544884111
614768372 545100540
614768372 545161866
614768372 545822654
614768372 545841855
614768372 546567474
614768372 546686612
614768372 546693548
614768372 546697021
614768372 547380935
614768372 547554088
614768372 548802485
614768372 548860512
614768372 549675351
614768372 549777944
614768372 549794553
614768372 549823216
614768372 550050985
614768372 550074731
614768372 550821737
614768372 550828794
614768372 550894943
614768372 550947124
614768372 551668970
614768372 551742573
614768372 551902899
614768372 552015393
614768372 552551385
614768372 552584260
614768372 552788710
614768372 553169891
614768372 553202821
614768372 553583799
614768372 553915724
614768372 554198317
614768372 554261781
614768372 554343400
614768372 554409619
614768372 554542269
614768372 554733613
614768372 555182885
614768372 555933740
614768372 556054428
614768372 556778564
614768372 557221421
614768372 557772831
614768372 558027806
614768372 559353511
614768372 559591146
614768372 559622705
614768372 559738124
614768372 560088335
614768372 560267400
614768372 560349499
614768372 560416961
614768372 560631774
614768372 560849704
614768372 560950951
614768372 561025873
614768372 561223747
614768372 561428637
614768372 561442761
614768372 562378646
614768372 562406637
614768372 562806123
614768372 562815279
614768372 562820895
614768372 562954617
614768372 563552409
614768372 563905850
614768372 564037281
614768372 564087009
614768372 564270182
614768372 564449636
614768372 564749759
614768372 564771133
614768372 564777513
614768372 564881009
614768372 565385030
614768372 565536880
614768372 566033430
614768372 566728177
614768372 567052744
614768372 567147044
614768372 567313000
614768372 567417328
614768372 567421863
614768372 567922108
614768372 568020378
614768372 568237342
614768372 568418592
614768372 568722726
614768372 568738728
614768372 569192515
614768372 569575426
614768372 570010164
614768372 570369660
614768372 571035105
614768372 571093576
614768372 571107996
614768372 571155811
614768372 571289309
614768372 572121952
614768372 572590858
614768372 572872368
614768372 573007887
614768372 573501904
614768372 573565092
614768372 574400531
614768372 574509771
614768372 574630865
614768372 574886719
614768372 574936023
614768372 575155214
614768372 575200891
614768372 575356488
614768372 575803285
614768372 575827978
614768372 575972266
614768372 576284697
614768372 576292466
614768372 576603723
614768372 576607633
614768372 576708027
614768372 576911363
614768372 577002751
614768372 577229927
614768372 577230167
614768372 578150128
614768372 578389347
614768372 578631148
614768372 578962889
614768372 579462511
614768372 579515020
614768372 579970489
614768372 580006225
614768372 580508939
614768372 580551643
614768372 581043196
614768372 581305979
614768372 581825778
614768372 581945185
614768372 582007947
614768372 582406945
614768372 582829620
614768372 582922006
614768372 583428250
614768372 583715651
614768372 584077173
614768372 584534058
614768372 584660893
614768372 584724107
614768372 585326395
614768372 585629104
614768372 585663853
614768372 585781889
614768372 585808021
614768372 585843766
614768372 585919439
614768372 585978089
614768372 586077818
614768372 586221534
614768372 586225605
614768372 586342507
614768372 586615274
614768372 587197352
614768372 587261053
614768372 587262687
614768372 589008644
614768372 589016066
614768372 589074221
614768372 589083114
614768372 589249523
614768372 589342705
614768372 589355637
614768372 589601418
614768372 589677255
614768372 589708775
614768372 590064570
614768372 590302903
614768372 590500454
614768372 590724605
614768372 590767612
614768372 590962636
614768372 591313776
614768372 591323785
614768372 591649141
614768372 591770417
614768372 592436605
614768372 593424681
614768372 593904146
614768372 593943753
614768372 594441131
614768372 595155018
614768372 595165928
614768372 595209433
614768372 595217568
614768372 595369153
614768372 595772468
614768372 595839991
614768372 596080014
614768372 596123185
614768372 596213836
614768372 596460542
614768372 596783450
614768372 596986064
614768372 597324182
614768372 597354578
614768372 597387824
614768372 597443579
614768372 597481911
614768372 597714236
614768372 597807645
614768372 598180124
614768372 598290566
614768372 598452586
614768372 598734588
614768372 598818203
614768372 598822282
614768372 598837413
614768372 599603485
614768372 599784006
614768372 599808640
614768372 599975696
614768372 600317175
614768372 600896878
614768372 600956923
614768372 601147759
614768372 601267328
614768372 601349542
614768372 601523289
614768372 601531007
614768372 601532107
614768372 601679578
614768372 601916807
614768372 601919408
614768372 601923470
614768372 601926085
614768372 601927449
614768372 601974588
614768372 602225059
614768372 602416462
614768372 602661955
614768372 602769903
614768372 602870781
614768372 602989418
614768372 603906166
614768372 603949659
614768372 604000575
614768372 604000818
614768372 604005173
614768372 604271523
614768372 604320456
614768372 604486862
614768372 604612587
614768372 604632296
614768372 604721193
614768372 604740828
614768372 604993749
614768372 605236575
614768372 605370079
614768372 605891765
614768372 605988608
614768372 606126501
614768372 606355528
614768372 606670458
614768372 606903901
614768372 606943628
614768372 607217417
614768372 607394231
614768372 607642986
614768372 607655409
614768372 607989441
614768372 608043642
614768372 608428971
614768372 608477153
614768372 608703960
614768372 608843332
614768372 608949841
614768372 609105923
614768372 609370788
614768372 609605416
614768372 609986437
614768372 610295599
614768372 610608327
614768372 610618995
614768372 610679834
614768372 610996500
614768372 611000986
614768372 611213063
614768372 611438347
614768372 611543009
614768372 611569514
614768372 611608036
614768372 611735831
614768372 611764396
614768372 612001390
614768372 612132008
614768372 612270520
614768372 612508654
614768372 612659534
614768372 612702918
614768372 612904242
614768372 612904333
614768372 612973214
614768372 613165058
614768372 613202566
614768372 613232781
614768372 613459880
614768372 613480237
614768372 613531427
614768372 613662716
614768372 613769446
614768372 613804531
614768372 614029696
614768372 614072204
614768372 614261133
614768372 614262796
614768372 614398909
614768372 614426743
614768372 614486792
614768372 614787931
614768372 614982532
614768372 615229009
614768372 615230868
614768372 615446699
614768372 615463927
614768372 615983650
614768372 616258391
614768372 616403325
614768372 616437146
614768372 616503879
614768372 617315086
614768372 617398306
614768372 617399721
614768372 617400491
614768372 617411243
614768372 617565455
614768372 617688038
614768372 617857655
614768372 617899466
614768372 618366033
614768372 618551317
614768372 618567799
614768372 618652868
614768372 618794963
614768372 618909434
614768372 618984556
614768372 618988947
614768372 619113659
614768372 619147353
614768372 619168171
614768372 619179753
614768372 619322992
614768372 619571518
614768372 619603003
614768372 619617599
614768372 619655460
614768372 619742150
614768372 619756886
614768372 619822441
614768372 619874649
614768372 619952313
614768372 620009825
614768372 620038248
614768372 620063863
614768372 620127776
614768372 620201018
614768372 620211680
614768372 620219641
614768372 620280495
614768372 620287279
614768372 620292562
614768372 620348905
614768372 620435229
614768372 620462514
614768372 620489855
614768372 620489857
614768372 620490012
614768372 620494832
614768372 620494839
614768372 620494840
614768372 620494951
614768372 620494999
614768372 620500549
614768372 620564412
614768372 620622775
614768372 620625992
614768372 620648921
614768372 620660060
614768372 620677849
614768372 620706886
614768372 620731146
614768372 620745682
614768372 620746242
614768372 620755057
614768372 620755990
614768372 620760045
614768372 620762661
614768372 620823976
614768372 620846001
614768372 620932243
614768372 620959574
614768372 621122987
614768372 621123668
614768372 621123726
614768372 621126737
614768372 621154415
614768372 621158365
614768372 621224791
614768372 621225379
614768372 621231348
614768372 621240525
614768372 621241634
614768372 621285387
614768372 621286488
614768372 621311921
614768372 621330768
614768372 621339859
614768372 621448335
614768372 621475885
614768372 621477644
614768372 621535354
614768372 621634019
614768372 621641086
614768372 621667019
614768372 621705860
614768372 621730418
614768372 621873471
614768372 621881191
614768372 621881430
614768372 621882136
614768372 621882448
614768372 621882787
614768372 621883004
614768372 621883197
614768372 621883604
614768372 621921880
614768372 621922673
614768372 621923374
614768372 621924335
614768372 621924563
614768372 621932128
614768372 621936500
614768372 621938470
614768372 621939035
614768372 621941588
614768372 621944117
614768372 621945016
614768372 621945603
614768372 621947633
614768372 621949745
614768372 621950150
614768372 621952210
614768372 621955748
614768372 621962998
614768372 621963436
614768372 621976449
614768372 622005329
614768372 622028161
614768372 622087205
614768372 622087488
614768372 622111227
614768372 622121822
614768372 622124366
614768372 622124992
614768372 622125500
614768372 622125914
614768372 622127556
614768372 622130411
614768372 622136572
614768372 622163279
614768372 622206553
614768372 622225027
614768372 622226960
614768372 622235880
614768372 622240083
614768372 622241094
614768372 622256613
614768372 622363688
614768372 622366210
614768372 622366559
614768372 622370554
614768372 622413244
614768372 622432542
614768372 622446041
614768372 622448965
614768372 622450213
614768372 622515179
614768372 622515322
614768372 622549553
614768372 622556739
614768372 622568139
614768372 622651504
614768372 622684114
614768372 622703345
614768372 622709496
614768372 622714455
614768372 622717076
614768372 622718988
614768372 622747200
614768372 622747981
614768372 622769047
614768372 622813596
614768372 622815844
614768372 622830000
614768372 622858705
614768372 623013104
614768372 623036390
614768372 623075228
614768372 623088388
614768372 623165746
614768372 623801025
614768372 624292623
614768372 624759943
614768372 625181466
614768372 626447998
614768372 627111357
614768372 628827690
614768372 630597170
614768372 630791035
614768372 631368084
614768372 632518404
614768372 632540484
614768372 632859022
614768372 636367288
614768372 637215578
614768372 637381342
614768372 638207454
614768372 639251132
614768372 642290064
614768372 642474174
614768372 647283027
614768372 647517113
614768372 648614847
614768372 650594831
614768372 650854947
614768372 657974244
614768372 660150662
614768372 660253890
614768372 662373213
614768372 662485959
614768372 663617944
614768372 663640977
614768372 665981961
614768372 671209284
614768372 671961649
614768372 673637350
614768372 675006426
614768372 678523567
614768372 679075944
614768372 680615006
614768372 681238122
614768372 682759703
614768372 687465611
614768372 687587015
614768372 687639564
614768372 688053365
614768372 689673293
614768372 690533335
614768372 691085665
614768372 694941186
614768372 696950685
614768372 697290864
614768372 697998746
614768372 698287271
614768372 698574482
614768372 699591958
614768372 700846464
614768372 706130216
614768372 708085229
614768372 708172416
614768372 709516588
614768372 710795738
614768372 711975659
614768372 728629723
614768372 728855659
637565190 335869894
637565190 404061565
637565190 445926661
637565190 526392135
637565190 537277659
637565190 541239308
637565190 542997192
637565190 569944761
637565190 586913029
637565190 599400915
637565190 607704128
637565190 630447447
637565190 633250680
637565190 660685144
637565190 670831449
637565190 670831497
637565190 678280637
637565190 711361724
637565190 711975659
637565190 712602695
637565190 713219976
637565190 718848727
127335243 4082218
127335243 7660352
127335243 9107840
127335243 16185670
127335243 31530627
127335243 49637977
127335243 66680801
127335243 87490342
127335243 96547203
127335243 113128620
127335243 113341846
127335243 114445410
127335243 116142503
127335243 120139455
127335243 121084082
127335243 121105686
127335243 124196143
127335243 133846689
127335243 133907648
127335243 135386202
127335243 135750845
127335243 136092055
127335243 137957311
127335243 142168549
127335243 146877142
127335243 147601967
127335243 148032751
127335243 150608610
127335243 153472183
127335243 153542825
127335243 154587128
127335243 158006396
127335243 160845091
127335243 161432874
127335243 161856191
127335243 162867629
127335243 162974392
127335243 165939910
127335243 168643571
127335243 168940934
127335243 169199304
127335243 170958451
127335243 171796238
127335243 172524175
127335243 172687820
127335243 173490943
127335243 173878966
127335243 174089207
127335243 174885871
127335243 174958211
127335243 175041131
127335243 175548418
127335243 177749828
127335243 178116193
127335243 178620823
127335243 178772682
127335243 181507272
127335243 182307122
127335243 183425961
127335243 183677265
127335243 184363089
127335243 185207408
127335243 186078959
127335243 186398599
127335243 186825172
127335243 187883168
127335243 189079189
127335243 190370257
127335243 190595891
127335243 191335588
127335243 195638071
127335243 197751725
127335243 197762998
127335243 198564357
127335243 199556802
127335243 203291617
127335243 206506661
127335243 207621571
127335243 208082742
127335243 209450111
127335243 209751277
127335243 213038009
127335243 213494042
127335243 214287117
127335243 214951949
127335243 216272030
127335243 217271555
127335243 218507317
127335243 220428582
127335243 222069304
127335243 222659098
127335243 223370255
127335243 225006308
127335243 225043624
127335243 225257533
127335243 225925164
127335243 226390574
127335243 226509828
127335243 229513121
127335243 232937608
127335243 232989091
127335243 233080828
127335243 235082472
127335243 236287333
127335243 237120730
127335243 237156508
127335243 240881815
127335243 241015268
127335243 241640847
127335243 243216445
127335243 245215722
127335243 246472552
127335243 250033331
127335243 250681416
127335243 250763286
127335243 251763093
127335243 252379600
127335243 255602336
127335243 261818490
127335243 270121485
127335243 271552104
127335243 274489407
127335243 274800005
127335243 276639946
127335243 277509313
127335243 277915452
127335243 278054410
127335243 282056509
127335243 282732276
127335243 282743372
127335243 284040309
127335243 284185443
127335243 285856491
127335243 286963240
127335243 290630010
127335243 295713058
127335243 297298338
127335243 299771069
127335243 305672920
127335243 305938215
127335243 309253224
127335243 309645552
127335243 325121330
127335243 325918617
127335243 332454512
127335243 333348948
127335243 333795687
127335243 347584464
127335243 355715454
127335243 359421729
127335243 360392736
127335243 363795379
127335243 369940767
127335243 375469424
127335243 376724415
127335243 377949048
127335243 379493098
127335243 380768851
127335243 387646039
127335243 389795600
127335243 399276592
127335243 399701125
127335243 403856355
127335243 412657580
127335243 413675588
127335243 424741192
127335243 430433352
127335243 431856624
127335243 438014735
127335243 440944014
127335243 446328141
127335243 479985067
127335243 487170113
127335243 490242664
127335243 490925209
127335243 495528472
127335243 510039845
127335243 516495695
127335243 520936106
127335243 520972882
127335243 531441710
127335243 531695195
127335243 537533742
127335243 540603646
127335243 553415449
127335243 560911876
127335243 562110552
127335243 565602613
127335243 571969168
127335243 580988323
127335243 585682822
127335243 598313002
127335243 601255221
127335243 614595767
127335243 614768372
127335243 711975659
590264871 2736223
590264871 4325274
590264871 4759667
590264871 6799894
590264871 10192428
590264871 10622130
590264871 11364708
590264871 12840256
590264871 17497806
590264871 20669114
590264871 25258928
590264871 28950892
590264871 30871885
590264871 54095721
590264871 54765386
590264871 77592179
590264871 79819068
590264871 94011313
590264871 104847678
590264871 124647846
590264871 132016099
590264871 133909808
590264871 151014363
590264871 155011842
590264871 159084871
590264871 174811889
590264871 210208830
590264871 215645333
590264871 228847617
590264871 232755987
590264871 251557700
590264871 270577433
590264871 280925600
590264871 298528932
590264871 302781843
590264871 310495575
590264871 315066992
590264871 347249107
590264871 429618239
590264871 440887708
590264871 515357013
590264871 546371673
590264871 553065565
590264871 558161863
590264871 568121220
590264871 592946920
590264871 610553190
590264871 630447447
590264871 633398623
590264871 711975659
590264871 717000980
590264871 718848727
592946920 1842232
592946920 2285812
592946920 4265353
592946920 4370563
592946920 11364708
592946920 11472875
592946920 12840256
592946920 18716659
592946920 25258928
592946920 30871885
592946920 32347533
592946920 37636888
592946920 54765386
592946920 58222692
592946920 65245111
592946920 66267021
592946920 81245367
592946920 85334373
592946920 85338277
592946920 94064995
592946920 108155879
592946920 112114678
592946920 143551092
592946920 151530834
592946920 170360254
592946920 186741159
592946920 189598738
592946920 210208830
592946920 240539001
592946920 265570359
592946920 285561316
592946920 293148424
592946920 308945867
592946920 316485328
592946920 347249107
592946920 367742416
592946920 373845320
592946920 377107644
592946920 404061565
592946920 429618239
592946920 476699078
592946920 543471486
592946920 590264871
592946920 592784657
592946920 607145572
592946920 610553190
592946920 613971868
592946920 630447447
592946920 633398623
592946920 672671564
592946920 703794514
592946920 711975659
592946920 718848727
718848727 2302386
718848727 4743533
718848727 5246257
718848727 5856877
718848727 7361040
718848727 8434636
718848727 29427857
718848727 30350641
718848727 42502601
718848727 47082447
718848727 49127511
718848727 50472852
718848727 54775598
718848727 60512268
718848727 83361877
718848727 85338277
718848727 85672008
718848727 93838283
718848727 94317908
718848727 125142272
718848727 135549442
718848727 151351176
718848727 155011842
718848727 193463155
718848727 194189813
718848727 205353995
718848727 251000392
718848727 257982446
718848727 276201864
718848727 309000248
718848727 344461775
718848727 347249107
718848727 358692863
718848727 367742416
718848727 371099445
718848727 376529696
718848727 404061565
718848727 429618239
718848727 474202123
718848727 476699078
718848727 477988678
718848727 506694858
718848727 522795533
718848727 525600274
718848727 533149270
718848727 549821450
718848727 589386401
718848727 590264871
718848727 592281754
718848727 592946920
718848727 593761791
718848727 600933181
718848727 630447447
718848727 637565190
718848727 699702237
718848727 709810172
718848727 710291569
718848727 710589816
718848727 710721704
718848727 710729903
718848727 710917962
718848727 711975659
718848727 712602695
367742416 210208830
367742416 251000392
367742416 347249107
367742416 476699078
367742416 592946920
367742416 630447447
367742416 711975659
367742416 712602695
367742416 718848727
630447447 125142272
630447447 210208830
630447447 335869894
630447447 344461775
630447447 347249107
630447447 367742416
630447447 404061565
630447447 445926661
630447447 451766762
630447447 476699078
630447447 484529382
630447447 491824273
630447447 500388541
630447447 504212655
630447447 509232064
630447447 510527382
630447447 517755727
630447447 524110801
630447447 528281956
630447447 537277659
630447447 538260523
630447447 541897658
630447447 544111721
630447447 545308209
630447447 545544867
630447447 551279642
630447447 553062522
630447447 554586188
630447447 561703877
630447447 565519782
630447447 569944761
630447447 577707797
630447447 579327214
630447447 590264871
630447447 591032548
630447447 592946920
630447447 599304604
630447447 599982682
630447447 604521750
630447447 604867997
630447447 605245939
630447447 607704128
630447447 609837156
630447447 610514295
630447447 611580581
630447447 614747633
630447447 615698744
630447447 615753763
630447447 620708937
630447447 625676937
630447447 629236920
630447447 633250680
630447447 633398623
630447447 637565190
630447447 640811017
630447447 643004606
630447447 644817776
630447447 645151258
630447447 646591635
630447447 648993922
630447447 651097031
630447447 652330030
630447447 655221950
630447447 660685144
630447447 666156801
630447447 668948726
630447447 672604582
630447447 676344457
630447447 693136167
630447447 696091061
630447447 698846793
630447447 711975659
630447447 718484775
630447447 718848727
630447447 720874474
630447447 728620360
630447447 730579318
630447447 731005207
630447447 731056186
476699078 2285812
476699078 11472875
476699078 12840256
476699078 30871885
476699078 54775598
476699078 63042969
476699078 65245111
476699078 65503910
476699078 81245367
476699078 89611310
476699078 98921150
476699078 139128314
476699078 141756863
476699078 143551092
476699078 170360254
476699078 170757541
476699078 186741159
476699078 196717061
476699078 210208830
476699078 234118901
476699078 308945867
476699078 316485328
476699078 327585352
476699078 347249107
476699078 367742416
476699078 369071461
476699078 383871681
476699078 388498612
476699078 404061565
476699078 418485501
476699078 427845176
476699078 457288545
476699078 481028556
476699078 528561894
476699078 542603267
476699078 592946920
476699078 615440041
476699078 630447447
476699078 633398623
476699078 711975659
476699078 712602695
476699078 718848727
210208830 3538162
210208830 3568556
210208830 11472875
210208830 12840256
210208830 21660729
210208830 23504165
210208830 68493161
210208830 81245367
210208830 94011313
210208830 112114678
210208830 141019555
210208830 166259483
210208830 179939468
210208830 184028838
210208830 224183075
210208830 231435943
210208830 279037614
210208830 280925600
210208830 305810591
210208830 308945867
210208830 313804972
210208830 315066992
210208830 316485328
210208830 319605975
210208830 328941305
210208830 347249107
210208830 367742416
210208830 404061565
210208830 419100893
210208830 438865920
210208830 476699078
210208830 543471486
210208830 590264871
210208830 592946920
210208830 630447447
210208830 710455492
210208830 711975659
61725831 1292808
61725831 2034118
61725831 5309818
61725831 5440481
61725831 6186825
61725831 6720474
61725831 7940748
61725831 8510562
61725831 11324784
61725831 13249725
61725831 13329009
61725831 13564350
61725831 13569466
61725831 14768278
61725831 16452136
61725831 19742676
61725831 20334728
61725831 22774899
61725831 22919727
61725831 23453320
61725831 27574581
61725831 32329527
61725831 34949146
61725831 37234729
61725831 37301289
61725831 38841194
61725831 40047917
61725831 42220408
61725831 51394452
61725831 51883607
61725831 53115463
61725831 54224687
61725831 56450258
61725831 57828391
61725831 60828612
61725831 62010274
61725831 62927758
61725831 64170019
61725831 66431344
61725831 67254872
61725831 75888017
61725831 78920556
61725831 82710744
61725831 89104181
61725831 93507366
61725831 103633378
61725831 107840953
61725831 118035753
61725831 118163277
61725831 136403428
61725831 137497946
61725831 139100337
61725831 147660716
61725831 151180078
61725831 151754420
61725831 154279012
61725831 164431229
61725831 166911418
61725831 168430337
61725831 172309671
61725831 175097110
61725831 180100736
61725831 196619770
61725831 212470842
61725831 213683756
61725831 219844099
61725831 224018106
61725831 237638895
61725831 240792237
61725831 242197211
61725831 243226908
61725831 247637086
61725831 249077183
61725831 250749987
61725831 274846842
61725831 274962813
61725831 281857834
61725831 284140780
61725831 285855173
61725831 286054816
61725831 287207803
61725831 287779569
61725831 288376656
61725831 295705768
61725831 308386794
61725831 309250943
61725831 313632725
61725831 313780968
61725831 323643933
61725831 326320510
61725831 327714816
61725831 333546199
61725831 338368887
61725831 343245452
61725831 344928499
61725831 349423581
61725831 353491757
61725831 354035835
61725831 355396795
61725831 359536319
61725831 365795160
61725831 367434409
61725831 370248735
61725831 371084161
61725831 371243519
61725831 373784740
61725831 375567434
61725831 383248998
61725831 384971813
61725831 392677276
61725831 394025608
61725831 394601158
61725831 395604678
61725831 404573494
61725831 417325037
61725831 419622705
61725831 420372430
61725831 424853728
61725831 429898348
61725831 435451614
61725831 435741873
61725831 443055521
61725831 454058284
61725831 455449394
61725831 461709636
61725831 471577348
61725831 475948038
61725831 482978470
61725831 502359368
61725831 511730397
61725831 518532727
61725831 519506641
61725831 519786626
61725831 525972932
61725831 527017155
61725831 532944340
61725831 534788183
61725831 535880143
61725831 540235767
61725831 541505003
61725831 541900555
61725831 548778822
61725831 550161484
61725831 553470705
61725831 559971359
61725831 572984474
61725831 578018516
61725831 594340537
61725831 609991536
61725831 613287809
61725831 614595767
61725831 614779702
61725831 698120832
61725831 711975659
